[gd_scene load_steps=4 format=2]

[ext_resource path="res://Scenes/Pitch.tscn" type="PackedScene" id=1]
[ext_resource path="res://default_env.tres" type="Environment" id=2]
[ext_resource path="res://Scenes/Ball.tscn" type="PackedScene" id=3]

[node name="Game" type="Spatial"]

[node name="Pitch" parent="." index="0" instance=ExtResource( 1 )]

[node name="Camera" type="Camera" parent="." index="1"]

transform = Transform( -4.37114e-008, 0.258819, -0.965926, 0, 0.965926, 0.258819, 1, 1.13133e-008, -4.2222e-008, -15, 6, 0 )
keep_aspect = 1
cull_mask = 1048575
environment = ExtResource( 2 )
h_offset = 0.0
v_offset = 0.0
doppler_tracking = 0
projection = 0
current = false
fov = 70.0
size = 1.0
near = 0.05
far = 100.0
_sections_unfolded = [ "Transform" ]

[node name="DirectionalLight" type="DirectionalLight" parent="." index="2"]

transform = Transform( 0.819152, 0.469846, -0.32899, 0, 0.573576, 0.819152, 0.573576, -0.67101, 0.469846, -6, 10, 12 )
layers = 1
light_color = Color( 1, 1, 1, 1 )
light_energy = 1.0
light_indirect_energy = 1.0
light_negative = false
light_specular = 0.5
light_bake_mode = 1
light_cull_mask = -1
shadow_enabled = true
shadow_color = Color( 0, 0, 0, 1 )
shadow_bias = 0.1
shadow_contact = 0.0
shadow_reverse_cull_face = false
editor_only = false
directional_shadow_mode = 2
directional_shadow_split_1 = 0.1
directional_shadow_split_2 = 0.2
directional_shadow_split_3 = 0.5
directional_shadow_blend_splits = false
directional_shadow_normal_bias = 0.8
directional_shadow_bias_split_scale = 0.25
directional_shadow_depth_range = 0
directional_shadow_max_distance = 200.0
_sections_unfolded = [ "Shadow", "Transform" ]

[node name="Ball" parent="." index="3" instance=ExtResource( 3 )]

transform = Transform( -0.965926, 0, -0.258819, 0, 1, 0, 0.258819, 0, -0.965926, 0, 1, 0 )


